25
200
100
40 50 0 0 1236 0
45 68 10 850 1030 90
45 70 30 758 938 90
42 66 10 16 196 90
42 68 10 665 845 90
42 65 10 15 195 90
40 69 20 572 752 90
40 66 20 108 288 90
38 68 20 200 380 90
38 70 10 480 660 90
35 66 10 294 474 90
35 69 10 387 567 90
25 85 20 597 777 90
22 75 30 30 210 90
22 85 10 504 684 90
20 80 40 317 497 90
20 85 40 412 592 90
18 75 20 34 214 90
15 75 20 127 307 90
15 80 10 222 402 90
30 50 10 10 190 90
30 52 20 850 1030 90
28 52 20 758 938 90
28 55 10 665 845 90
25 50 10 15 195 90
25 52 40 107 287 90
25 55 10 572 752 90
23 52 10 199 379 90
23 55 20 480 660 90
20 50 10 292 472 90
20 55 10 387 567 90
10 35 20 129 309 90
10 40 30 31 211 90
8 40 40 33 213 90
8 45 20 694 874 90
5 35 10 224 404 90
5 45 10 601 781 90
2 40 20 319 499 90
0 40 30 411 591 90
0 45 20 506 686 90
35 30 10 203 383 90
35 32 10 111 291 90
33 32 20 19 199 90
33 35 10 16 196 90
32 30 10 296 476 90
30 30 10 481 661 90
30 32 30 389 569 90
30 35 10 947 1127 90
28 30 10 573 753 90
28 35 10 944 1124 90
26 32 10 758 938 90
25 30 10 666 846 90
25 35 10 851 1031 90
44 5 20 227 407 90
42 10 40 132 312 90
42 15 10 37 217 90
40 5 30 321 501 90
40 15 40 35 215 90
38 5 30 413 593 90
38 15 10 606 786 90
35 5 20 506 686 90
50 30 10 481 661 90
50 35 20 200 380 90
50 40 50 105 285 90
48 30 10 573 753 90
48 40 10 13 193 90
47 35 10 761 941 90
47 40 10 12 192 90
45 30 10 666 846 90
45 35 10 853 1033 90
95 30 30 332 512 90
95 35 20 237 417 90
53 30 10 388 568 90
92 30 10 425 605 90
53 35 50 293 473 90
45 65 20 943 1123 90
90 35 10 142 322 90
88 30 10 519 699 90
88 35 20 50 230 90
87 30 10 610 790 90
85 25 10 705 885 90
85 35 30 47 227 90
75 55 20 305 485 90
72 55 10 212 392 90
70 58 20 401 581 90
68 60 30 494 674 90
66 55 10 116 296 90
65 55 20 25 205 90
65 60 30 587 767 90
63 58 10 680 860 90
60 55 10 20 200 90
60 60 10 773 953 90
67 85 20 315 495 90
65 85 40 407 587 90
65 82 10 221 401 90
62 80 30 128 308 90
60 80 10 36 216 90
60 85 30 502 682 90
58 75 20 30 210 90
55 80 10 692 872 90
55 85 20 597 777 90
