25
700
100
40 50 0 0 3390 0
52 75 10 0 3272 90
45 70 30 0 3279 90
62 69 10 0 3270 90
60 66 10 1261 1421 90
42 65 10 0 3284 90
16 42 20 0 3274 90
58 70 20 0 3273 90
34 60 20 2887 3047 90
28 70 10 2601 2761 90
35 66 10 0 3283 90
35 69 10 2698 2858 90
25 85 20 0 3261 90
22 75 30 2405 2565 90
22 85 10 0 3260 90
20 80 40 2216 2376 90
20 85 40 0 3259 90
18 75 20 0 3266 90
15 75 20 0 3264 90
15 80 10 0 3260 90
30 50 10 0 3290 90
30 56 20 0 3288 90
28 52 20 0 3287 90
14 66 10 1643 1803 90
25 50 10 0 3285 90
22 66 40 2504 2664 90
8 62 10 0 3265 90
23 52 10 0 3282 90
4 55 20 0 3263 90
20 50 10 0 3280 90
20 55 10 0 3279 90
10 35 20 0 3266 90
10 40 30 0 3268 90
8 40 40 0 3266 90
8 45 20 0 3267 90
5 35 10 0 3261 90
5 45 10 0 3264 90
2 40 20 0 3260 90
0 40 30 1063 1223 90
0 45 20 0 3259 90
36 18 10 0 3267 90
35 32 10 0 3281 90
33 32 20 0 3280 90
33 35 10 0 3283 90
32 20 10 1913 2073 90
30 30 10 0 3277 90
34 25 30 0 3274 90
30 35 10 0 3281 90
36 40 10 0 3289 90
48 20 10 0 3268 90
26 32 10 0 3277 90
25 30 10 0 3275 90
25 35 10 0 3278 90
44 5 20 1256 1416 90
42 10 40 0 3259 90
42 15 10 1065 1225 90
40 5 30 0 3255 90
38 15 40 0 3264 90
38 5 30 1442 1602 90
38 10 10 0 3259 90
35 5 20 0 3254 90
50 30 10 0 3277 90
50 35 20 120 280 90
50 40 50 0 3285 90
48 30 10 0 3278 90
44 25 10 0 3274 90
47 35 10 0 3283 90
47 40 10 12 172 90
42 30 10 0 3279 90
45 35 10 680 840 90
95 30 30 0 3241 90
95 35 20 0 3242 90
53 30 10 0 3276 90
92 30 10 0 3244 90
53 35 50 213 373 90
45 65 20 0 3284 90
90 35 10 2131 2291 90
72 45 10 2900 3060 90
78 40 20 0 3260 90
87 30 10 2608 2768 90
85 25 10 0 3248 90
85 35 30 0 3252 90
75 55 20 0 3264 90
72 55 10 0 3267 90
70 58 20 1641 1801 90
86 46 30 0 3253 90
66 55 10 0 3273 90
64 46 20 3097 3257 90
65 60 30 0 3273 90
56 64 10 0 3278 90
60 55 10 0 3279 90
60 60 10 0 3277 90
67 85 20 694 854 90
42 58 40 0 3291 90
65 82 10 0 3259 90
62 80 30 0 3262 90
62 40 10 0 3275 90
60 85 30 0 3259 90
58 75 20 0 3269 90
55 80 10 407 567 90
55 85 20 502 662 90
