25
200
100
35 35 0 0 230 0
41 49 10 130 201 10
35 17 7 20 89 10
55 45 13 106 135 10
55 20 19 71 195 10
15 30 26 20 107 10
25 30 3 54 153 10
20 50 5 66 105 10
10 43 9 61 138 10
55 60 16 53 150 10
30 60 16 101 156 10
20 65 12 33 152 10
50 35 19 38 97 10
30 25 23 70 208 10
15 10 20 32 137 10
30 5 8 30 154 10
10 20 19 54 105 10
5 30 2 51 189 10
20 40 12 77 106 10
15 60 17 53 108 10
45 65 9 109 152 10
45 20 11 37 96 10
45 10 18 59 144 10
55 5 29 36 155 10
65 35 3 118 190 10
65 20 6 47 186 10
45 30 17 117 156 10
35 40 16 5 156 10
41 37 16 8 79 10
64 42 9 37 98 10
40 60 21 28 123 10
31 52 27 24 85 10
35 69 23 116 175 10
53 52 11 24 179 10
65 55 14 100 143 10
63 65 8 50 178 10
2 60 5 41 178 10
20 20 8 117 160 10
5 5 16 42 145 10
60 12 31 33 186 10
40 25 9 51 128 10
42 7 5 44 159 10
24 12 5 25 172 10
23 3 7 115 158 10
11 14 18 31 138 10
6 38 16 29 189 10
2 48 1 93 150 10
8 56 27 34 116 10
13 52 36 125 192 10
6 68 30 93 132 10
47 47 13 105 152 10
49 58 10 66 119 10
27 43 9 25 88 10
37 31 14 62 137 10
57 29 18 121 168 10
63 23 2 70 189 10
53 12 6 81 188 10
32 12 7 78 133 10
36 26 18 79 210 10
21 24 28 17 123 10
17 34 3 130 201 10
12 24 13 59 102 10
24 58 19 25 164 10
27 69 10 34 112 10
15 77 9 46 165 10
62 77 20 49 170 10
49 73 25 77 179 10
67 5 25 43 150 10
56 39 36 82 198 10
37 47 6 12 142 10
37 56 5 21 198 10
57 68 15 57 106 10
47 16 25 22 110 10
44 17 9 60 105 10
46 13 8 73 195 10
49 11 18 46 101 10
49 42 13 36 119 10
53 43 14 65 200 10
61 52 3 43 158 10
57 48 23 58 135 10
56 37 6 69 198 10
55 54 26 87 110 10
15 47 16 28 91 10
14 37 11 21 97 10
11 31 7 68 143 10
16 22 41 74 117 10
4 18 35 79 118 10
28 18 26 84 111 10
26 52 9 24 133 10
26 35 15 128 211 10
31 67 3 76 123 10
15 19 1 130 194 10
22 22 2 18 181 10
18 24 22 41 199 10
26 27 27 88 121 10
25 24 20 14 83 10
22 27 11 119 160 10
25 21 12 122 153 10
19 21 10 32 93 10
20 26 9 38 137 10
18 18 17 28 195 10
