25
200
100
40 50 0 0 240 0
25 85 20 71 191 10
22 75 30 30 150 10
22 85 10 64 184 10
20 80 40 151 161 10
20 85 20 40 160 10
18 75 20 96 123 10
15 75 20 35 155 10
15 80 10 101 111 10
10 35 20 101 111 10
10 40 30 123 144 10
8 40 40 69 79 10
8 45 20 32 152 10
5 35 10 152 162 10
5 45 10 35 117 10
2 40 20 68 78 10
0 40 20 59 114 10
0 45 20 147 180 10
44 5 20 79 124 10
42 10 40 58 115 10
42 15 10 111 162 10
40 5 10 45 165 10
40 15 40 94 119 10
38 5 30 75 85 10
38 15 10 128 194 10
35 5 20 171 181 10
95 30 30 58 171 10
95 35 20 60 93 10
92 30 10 55 120 10
90 35 10 52 112 10
88 30 10 75 102 10
88 35 20 50 170 10
87 30 10 116 175 10
85 25 10 51 85 10
85 35 30 62 182 10
67 85 20 138 169 10
65 85 40 43 78 10
65 82 10 69 189 10
62 80 30 85 95 10
60 80 10 36 74 10
60 85 30 87 112 10
58 75 20 92 121 10
55 80 10 33 66 10
55 85 20 117 168 10
55 82 10 74 84 10
20 82 10 37 72 10
18 80 10 98 157 10
2 45 10 38 109 10
42 5 10 64 184 10
42 12 10 109 128 10
72 35 30 71 191 10
55 20 19 69 126 10
25 30 3 25 145 10
20 50 5 101 111 10
55 60 16 127 180 10
30 60 16 150 160 10
50 35 19 130 159 10
30 25 23 82 139 10
15 10 20 172 182 10
10 20 19 42 162 10
15 60 17 137 202 10
45 65 9 55 106 10
65 35 3 62 72 10
65 20 6 39 108 10
45 30 17 53 82 10
35 40 16 11 43 10
41 37 16 134 161 10
64 42 9 80 90 10
40 60 21 144 173 10
31 52 27 51 61 10
35 69 23 172 210 10
65 55 14 52 107 10
63 65 8 27 147 10
2 60 5 65 118 10
20 20 8 151 161 10
5 5 16 57 172 10
60 12 31 85 95 10
23 3 7 163 173 10
8 56 27 90 119 10
6 68 30 99 109 10
47 47 13 190 222 10
49 58 10 80 121 10
27 43 9 14 134 10
37 31 14 19 139 10
57 29 18 106 116 10
63 23 2 42 162 10
21 24 28 77 126 10
12 24 13 100 110 10
24 58 19 67 96 10
67 5 25 105 177 10
37 47 6 74 127 10
49 42 13 97 217 10
53 43 14 15 25 10
61 52 3 173 208 10
57 48 23 50 170 10
56 37 6 20 140 10
55 54 26 87 207 10
4 18 35 112 157 10
26 52 9 14 134 10
26 35 15 87 97 10
31 67 3 200 210 10
