25
200
100
40 50 0 0 240 0
25 85 20 0 191 10
22 75 30 0 199 10
22 85 10 0 190 10
20 80 40 141 171 10
20 85 20 0 189 10
18 75 20 0 196 10
15 75 20 0 194 10
15 80 10 91 121 10
10 35 20 91 121 10
10 40 30 0 198 10
8 40 40 59 89 10
8 45 20 0 197 10
5 35 10 142 172 10
5 45 10 0 194 10
2 40 20 58 88 10
0 40 20 0 188 10
0 45 20 0 189 10
44 5 20 0 184 10
42 10 40 0 189 10
42 15 10 0 194 10
40 5 10 0 185 10
40 15 40 0 195 10
38 5 30 65 95 10
38 15 10 0 194 10
35 5 20 154 184 10
95 30 30 0 171 10
95 35 20 0 172 10
92 30 10 0 174 10
90 35 10 0 177 10
88 30 10 0 178 10
88 35 20 0 179 10
87 30 10 0 178 10
85 25 10 0 178 10
85 35 30 0 182 10
67 85 20 0 185 10
65 85 40 0 186 10
65 82 10 0 189 10
62 80 30 75 105 10
60 80 10 0 193 10
60 85 30 0 189 10
58 75 20 0 199 10
55 80 10 0 196 10
55 85 20 0 191 10
55 82 10 64 94 10
20 82 10 0 192 10
18 80 10 0 192 10
2 45 10 0 191 10
42 5 10 0 184 10
42 12 10 0 191 10
72 35 30 0 194 10
55 20 19 0 196 10
25 30 3 0 205 10
20 50 5 91 121 10
55 60 16 0 211 10
30 60 16 140 170 10
50 35 19 0 211 10
30 25 23 0 203 10
15 10 20 152 182 10
10 20 19 0 187 10
15 60 17 0 203 10
45 65 9 0 214 10
65 35 3 52 82 10
65 20 6 0 190 10
45 30 17 0 209 10
35 40 16 0 218 10
41 37 16 0 216 10
64 42 9 70 100 10
40 60 21 0 220 10
31 52 27 41 71 10
35 69 23 0 210 10
65 55 14 0 204 10
63 65 8 0 202 10
2 60 5 0 190 10
20 20 8 141 171 10
5 5 16 0 172 10
60 12 31 75 105 10
23 3 7 150 180 10
8 56 27 0 197 10
6 68 30 89 119 10
47 47 13 0 222 10
49 58 10 0 217 10
27 43 9 0 215 10
37 31 14 0 210 10
57 29 18 96 126 10
63 23 2 0 194 10
21 24 28 0 197 10
12 24 13 90 120 10
24 58 19 0 212 10
67 5 25 0 177 10
37 47 6 0 225 10
49 42 13 0 217 10
53 43 14 14 44 10
61 52 3 0 208 10
57 48 23 0 212 10
56 37 6 0 209 10
55 54 26 0 214 10
4 18 35 0 181 10
26 52 9 0 215 10
26 35 15 77 107 10
31 67 3 180 210 10
