25
1000
100
40 50 0 0 960 0
25 85 20 673 793 10
22 75 30 152 272 10
22 85 10 471 591 10
20 80 40 644 764 10
20 85 20 73 193 10
18 75 20 388 508 10
15 75 20 300 420 10
15 80 10 367 487 10
10 35 20 371 491 10
10 40 30 519 639 10
8 40 40 195 315 10
8 45 20 223 343 10
5 35 10 653 773 10
5 45 10 35 155 10
2 40 20 174 294 10
0 40 20 255 375 10
0 45 20 703 823 10
44 5 20 335 455 10
42 10 40 254 374 10
42 15 10 537 657 10
40 5 10 215 335 10
40 15 40 375 495 10
38 5 30 201 321 10
38 15 10 681 801 10
35 5 20 784 904 10
95 30 30 529 649 10
95 35 20 146 266 10
92 30 10 149 269 10
90 35 10 194 314 10
88 30 10 246 366 10
88 35 20 165 285 10
87 30 10 621 741 10
85 25 10 80 200 10
85 35 30 487 607 10
67 85 20 657 777 10
65 85 40 43 163 10
65 82 10 557 677 10
62 80 30 278 398 10
60 80 10 64 184 10
60 85 30 329 449 10
58 75 20 376 496 10
55 80 10 33 153 10
55 85 20 574 694 10
55 82 10 217 337 10
20 82 10 37 157 10
18 80 10 489 609 10
2 45 10 105 225 10
42 5 10 732 852 10
42 12 10 440 560 10
72 35 30 507 627 10
55 20 19 326 446 10
25 30 3 175 295 10
20 50 5 375 495 10
55 60 16 601 721 10
30 60 16 599 719 10
50 35 19 557 677 10
30 25 23 397 517 10
15 10 20 782 902 10
10 20 19 42 162 10
15 60 17 694 814 10
45 65 9 258 378 10
65 35 3 167 287 10
65 20 6 39 159 10
45 30 17 191 311 10
35 40 16 11 131 10
41 37 16 566 686 10
64 42 9 268 388 10
40 60 21 612 732 10
31 52 27 157 277 10
35 69 23 810 930 10
65 55 14 241 361 10
63 65 8 60 180 10
2 60 5 286 406 10
20 20 8 645 765 10
5 5 16 232 352 10
60 12 31 268 388 10
23 3 7 764 884 10
8 56 27 365 485 10
6 68 30 352 472 10
47 47 13 822 942 10
49 58 10 355 475 10
27 43 9 152 272 10
37 31 14 105 225 10
57 29 18 395 515 10
63 23 2 344 464 10
21 24 28 349 469 10
12 24 13 359 479 10
24 58 19 260 380 10
67 5 25 713 833 10
37 47 6 359 479 10
49 42 13 719 839 10
53 43 14 14 134 10
61 52 3 808 928 10
57 48 23 392 512 10
56 37 6 100 220 10
55 54 26 562 682 10
4 18 35 547 667 10
26 52 9 172 292 10
26 35 15 308 428 10
31 67 3 810 930 10
